m <- 170
v <- 36
dp <- 6

# a)